4
7
8
6
7
8
4
3
13
4
7
6
11
6
9
10
9
10
8
7
9
18
6
3
22
5
6
6
6
7
5
5
5
8
10
5
12
9
9
7
8
5
3
3
2
5
11
11
5
9
5
4
5
7
7
8
6
6
3
4
8
8
5
3
6
7
2
6
6
10
4
8
6
6
5
3
6
14
10
7
5
11
6
6
3
7
8
3
2
4
7
3
6
2
2
4
8
3
8
4
16
5
5
4
5
6
7
3
9
5
3
5
4
9
5
7
6
2
6
2
6
9
5
4
4
2
5
10
7
9
5
6
8
4
4
5
5
9
6
9
3
5
2
5
4
5
4
2
4
4
5
5
6
3
9
11
4
2
4
4
4
2
3
6
4
3
9
6
5
3
8
6
3
4
3
4
5
2
3
3
8
2
5
9
7
7
8
3
5
4
6
7
3
2
3
3
4
7
2
2
6
4
3
2
9
4
5
5
2
6
4
6
3
7
11
7
6
6
3
8
8
12
3
4
4
4
9
5
5
5
3
8
3
6
8
7
5
2
2
4
2
7
