0 4.124386376837122 1 1 1 1 0.25823465886678670.164882054232125260.114903558531884570.28460474603198604
1 4.205290475992353 0 1 1 1 0.160958485728791760.350975008263543940.31370862223510790.22778052713970648
2 4.2487413713838835 1 1 0 1 0.190161745238417780.229793597978662920.0132002119741605660.08820008159983181
3 4.171969480114106 1 1 1 0 0.071509793818116660.225505692166988260.065587849539540390.18856354357104033
4 4.077362244994376 1 0 0 1 0.346810901237092130.00113000300533041780.114097310113452950.24454057957160721
5 4.0440995615541055 1 0 1 0 0.177177519715704950.273346087166846550.158127911880028030.15024045187638196
6 4.012496110665446 0 0 1 0 0.14875325057584640.398193175303732660.20876682169402550.09958887730858566
7 3.985746639702964 0 0 1 1 0.225958930771909730.46358113207420920.00132255717390615640.29110439116098585
8 3.141592653589793 0 0 0 1 0.36951441840383980.36324935564537960.012810983377327990.22953646621437723
9 3.141592653589793 0 1 0 1 0.230162457105596440.104877367463760970.154657391511222680.11645108413468258
10 1.0121970114513341 0 1 0 1 0.444707131089760340.0166832106722561330.168320663222049720.11208881139873714
11 0.9505468408120752 1 1 0 1 0.27111360428726010.273111006754129970.38191459650837510.22854803788353323
12 0.6556956262415361 0 1 0 0 0.0323527988723088240.2483722589594350.39429341085241230.18708672015732586
13 0.5516549825285466 1 1 0 0 0.173656962153568270.29216260488497730.378452650527642650.018300706919309555
14 6.283185307179586 1 1 0 0 0.16938888376930340.232054441204477440.38012603679979540.1468563703244214
15 6.056386459125701 1 0 0 0 0.128824526959954970.133254770723988170.092052847587906810.1007138731166917
16 6.206413415909808 1 0 1 0 0.0653553121379920.233473368478243880.38111201261779670.046275684057761085
17 0.0767718912697779 1 0 1 0 0.321252082784629470.33420030610738070.00322482382947725240.35253249484290305
18 0.09065988720074492 1 1 1 0 0.206890793324712520.087203251455152360.078376855037217250.027513996969465465
19 3.141592653589793 1 1 0 0 0.063694995057367140.035830774100557070.123162526505197840.23168999844878768
20 3.4633432079864352 0 1 0 0 0.104766016691694440.125892164728033160.22209575034696090.09769152966817432
21 3.6052402625905993 0 0 0 0 0.35281218750381680.31629627668045110.219890123676416780.09798176630835909
